1239
2419
1819
2649
1631
2558
1178
2622
2315
2556
1853
2648
2140
2907
2389
2580
2719
1617
1950
1858
1336
1298
1404
1840
2743
1858
1134
2901
2880
1292
1153
1324
1749
2769
2255
1663
2298
2598
2678
2685
2764
1002
1090
1769
2604
2808
2678
1997
2402
2048
2965
1905
1676
2448
1500
2194
1427
2845
1673
2602
2961
2495
1297
1730
1937
1223
2379
1544
1129
1066
1809
2367
2888
2102
1733
1718
2262
2257
2731
2303
2025
1825
1389
2986
2467
1481
2054
1077
1977
1897
1159
2023
1249
1992
1579
1775
1377
2210
2291
2568
